0.010000
600
0.000000
0.000043
0.000151
0.000296
0.000460
0.000628
0.000788
0.000934
0.001061
0.001167
0.001249
0.001308
0.001344
0.001359
0.001355
0.001333
0.001296
0.001245
0.001184
0.001113
0.001035
0.000952
0.000866
0.000779
0.000691
0.000605
0.000521
0.000441
0.000365
0.000295
0.000231
0.000174
0.000125
0.000083
0.000050
0.000025
0.000008
0.000001
0.000002
0.000012
0.000030
0.000057
0.000093
0.000137
0.000189
0.000249
0.000316
0.000391
0.000472
0.000560
0.000655
0.000756
0.000862
0.000973
0.001089
0.001210
0.001335
0.001464
0.001596
0.001732
0.001870
0.002010
0.002153
0.002297
0.002443
0.002590
0.002738
0.002886
0.003034
0.003183
0.003331
0.003478
0.003625
0.003771
0.003915
0.004059
0.004200
0.004340
0.004477
0.004612
0.004746
0.004876
0.005004
0.005129
0.005252
0.005371
0.005487
0.005600
0.005710
0.005817
0.005920
0.006020
0.006116
0.006209
0.006298
0.006384
0.006466
0.006544
0.006619
0.006690
0.006758
0.006822
0.006882
0.006939
0.006992
0.007041
0.007087
0.007130
0.007169
0.007204
0.007237
0.007265
0.007291
0.007313
0.007332
0.007348
0.007361
0.007371
0.007378
0.007382
0.007383
0.007382
0.007377
0.007370
0.007361
0.007349
0.007334
0.007317
0.007298
0.007276
0.007252
0.007227
0.007199
0.007169
0.007137
0.007103
0.007068
0.007030
0.006992
0.006951
0.006909
0.006866
0.006821
0.006774
0.006727
0.006678
0.006628
0.006577
0.006525
0.006472
0.006418
0.006363
0.006307
0.006250
0.006193
0.006135
0.006076
0.006017
0.005957
0.005897
0.005836
0.005775
0.005714
0.005652
0.005590
0.005527
0.005464
0.005402
0.005339
0.005276
0.005212
0.005149
0.005086
0.005023
0.004960
0.004897
0.004834
0.004771
0.004708
0.004646
0.004583
0.004521
0.004459
0.004398
0.004336
0.004275
0.004215
0.004154
0.004094
0.004035
0.003976
0.003917
0.003858
0.003800
0.003743
0.003686
0.003629
0.003573
0.003517
0.003462
0.003408
0.003353
0.003300
0.003247
0.003194
0.003142
0.003090
0.003039
0.002989
0.002939
0.002890
0.002841
0.002793
0.002745
0.002698
0.002652
0.002606
0.002560
0.002515
0.002471
0.002428
0.002384
0.002342
0.002300
0.002259
0.002218
0.002177
0.002138
0.002099
0.002060
0.002022
0.001984
0.001947
0.001911
0.001875
0.001840
0.001805
0.001771
0.001737
0.001704
0.001671
0.001639
0.001607
0.001576
0.001545
0.001515
0.001486
0.001456
0.001428
0.001399
0.001372
0.001344
0.001317
0.001291
0.001265
0.001240
0.001215
0.001190
0.001166
0.001142
0.001119
0.001096
0.001073
0.001051
0.001029
0.001008
0.000987
0.000966
0.000946
0.000926
0.000907
0.000888
0.000869
0.000851
0.000833
0.000815
0.000798
0.000781
0.000764
0.000747
0.000731
0.000716
0.000700
0.000685
0.000670
0.000656
0.000641
0.000627
0.000614
0.000600
0.000587
0.000574
0.000561
0.000549
0.000537
0.000525
0.000513
0.000502
0.000490
0.000479
0.000469
0.000458
0.000448
0.000438
0.000428
0.000418
0.000409
0.000399
0.000390
0.000381
0.000373
0.000364
0.000356
0.000348
0.000340
0.000332
0.000324
0.000317
0.000309
0.000302
0.000295
0.000288
0.000282
0.000275
0.000269
0.000262
0.000256
0.000250
0.000244
0.000239
0.000233
0.000228
0.000222
0.000217
0.000212
0.000207
0.000202
0.000197
0.000192
0.000188
0.000183
0.000179
0.000175
0.000170
0.000166
0.000162
0.000158
0.000155
0.000151
0.000147
0.000144
0.000140
0.000137
0.000133
0.000130
0.000127
0.000124
0.000121
0.000118
0.000115
0.000112
0.000109
0.000107
0.000104
0.000102
0.000099
0.000097
0.000094
0.000092
0.000090
0.000087
0.000085
0.000083
0.000081
0.000079
0.000077
0.000075
0.000073
0.000071
0.000070
0.000068
0.000066
0.000065
0.000063
0.000061
0.000060
0.000058
0.000057
0.000055
0.000054
0.000053
0.000051
0.000050
0.000049
0.000047
0.000046
0.000045
0.000044
0.000043
0.000042
0.000041
0.000040
0.000039
0.000038
0.000037
0.000036
0.000035
0.000034
0.000033
0.000032
0.000031
0.000030
0.000030
0.000029
0.000028
0.000027
0.000027
0.000026
0.000025
0.000025
0.000024
0.000023
0.000023
0.000022
0.000022
0.000021
0.000021
0.000020
0.000019
0.000019
0.000018
0.000018
0.000017
0.000017
0.000017
0.000016
0.000016
0.000015
0.000015
0.000014
0.000014
0.000014
0.000013
0.000013
0.000013
0.000012
0.000012
0.000012
0.000011
0.000011
0.000011
0.000010
0.000010
0.000010
0.000010
0.000009
0.000009
0.000009
0.000009
0.000008
0.000008
0.000008
0.000008
0.000008
0.000007
0.000007
0.000007
0.000007
0.000007
0.000006
0.000006
0.000006
0.000006
0.000006
0.000006
0.000005
0.000005
0.000005
0.000005
0.000005
0.000005
0.000005
0.000004
0.000004
0.000004
0.000004
0.000004
0.000004
0.000004
0.000004
0.000003
0.000003
0.000003
0.000003
0.000003
0.000003
0.000003
0.000003
0.000003
0.000003
0.000003
0.000003
0.000002
0.000002
0.000002
0.000002
0.000002
0.000002
0.000002
0.000002
0.000002
0.000002
0.000002
0.000002
0.000002
0.000002
0.000002
0.000002
0.000002
0.000001
0.000001
0.000001
0.000001
0.000001
0.000001
0.000001
0.000001
0.000001
0.000001
0.000001
0.000001
0.000001
0.000001
0.000001
0.000001
0.000001
0.000001
0.000001
0.000001
0.000001
0.000001
0.000001
0.000001
0.000001
0.000001
0.000001
0.000001
0.000001
0.000001
0.000001
0.000001
0.000000
0.000000
0.000000
0.000000
0.000000
0.000000
0.000000
0.000000
0.000000
0.000000
0.000000
0.000000
0.000000
0.000000
0.000000
0.000000
0.000000
0.000000
0.000000
0.000000
0.000000
0.000000
0.000000
0.000000
0.000000
0.000000
0.000000
0.000000
0.000000
0.000000
0.000000
0.000000
0.000000
0.000000
0.000000
0.000000
0.000000
0.000000
0.000000
0.000000
0.000000
0.000000
0.000000
0.000000
0.000000
0.000000
0.000000
0.000000
0.000000
0.000000
